    neurons optimiser      lr  Final Val Acc
25      200      Adam  0.0010         0.8850
13      150      Adam  0.0010         0.8844
37      250      Adam  0.0010         0.8816
1       100      Adam  0.0010         0.8798
36      250      Adam  0.0001         0.8775
24      200      Adam  0.0001         0.8753
0       100      Adam  0.0001         0.8731
12      150      Adam  0.0001         0.8725
26      200      Adam  0.0100         0.8653
38      250      Adam  0.0100         0.8605
14      150      Adam  0.0100         0.8579
2       100      Adam  0.0100         0.8516
4       100       SGD  0.0001         0.1024
3       100      Adam  0.1000         0.1024
10      100   RMSprop  0.0100         0.1005
43      250       SGD  0.1000         0.1005
33      200   RMSprop  0.0010         0.0999
40      250       SGD  0.0001         0.0999
41      250       SGD  0.0010         0.0999
39      250      Adam  0.1000         0.0999
34      200   RMSprop  0.0100         0.0998
17      150       SGD  0.0010         0.0995
15      150      Adam  0.1000         0.0995
5       100       SGD  0.0010         0.0995
47      250   RMSprop  0.1000         0.0995
46      250   RMSprop  0.0100         0.0995
16      150       SGD  0.0001         0.0995
31      200       SGD  0.1000         0.0979
7       100       SGD  0.1000         0.0979
30      200       SGD  0.0100         0.0979
9       100   RMSprop  0.0010         0.0979
11      100   RMSprop  0.1000         0.0967
22      150   RMSprop  0.0100         0.0967
29      200       SGD  0.0010         0.0967
19      150       SGD  0.1000         0.0967
28      200       SGD  0.0001         0.0967
27      200      Adam  0.1000         0.0967
21      150   RMSprop  0.0010         0.0967
8       100   RMSprop  0.0001         0.0954
6       100       SGD  0.0100         0.0954
20      150   RMSprop  0.0001         0.0954
18      150       SGD  0.0100         0.0954
23      150   RMSprop  0.1000         0.0954
35      200   RMSprop  0.1000         0.0954
32      200   RMSprop  0.0001         0.0954
42      250       SGD  0.0100         0.0954
45      250   RMSprop  0.0010         0.0954
44      250   RMSprop  0.0001         0.0954